 &NAMDIM
   NDGLG=432,
   NDGUXG=421,
   NDLON=432,
   NDLUXG=421,
   NFLEVG=1,
   NMSMAX=215,
   NSMAX=215,
 /
 &NEMDIM
   NBZONG=8,
   NBZONL=8,
 /
 &NEMGEO
   EDELX=6000.,
   EDELY=6000.,
   ELAT0=51.070000000000000,
   ELATC=51.070000000000000,
   ELON0=3.700000000000001,
   ELONC=3.700000000000001,
 /
