&NAMDIM
 NDLON=432,
 NDGLG=432,
 NDLUXG=400,
 NDGUXG=400,
 NFLEVG=1,
 NMSMAX=215,
 NSMAX=215
/ 
&NEMDIM
 NBZONG=16,
 NBZONL=16,
/
&NEMGEO
 ELON0=4.550000,
 ELAT0=50.800000,
 ELONC=4.550000,
 ELATC=50.800000,
 EDELX=1300.000000,
 EDELY=1300.000000
/
