&NAMDIM
 NDLON=1440,
 NDGLG=1440,
 NDLUXG=1429,
 NDGUXG=1429,
 NFLEVG=1,
 NMSMAX=719,
 NSMAX=719
/
&NEMDIM
 NBZONG=8,
 NBZONL=8
/
&NEMGEO
 ELON0=9.750000,
 ELAT0=49.680000,
 ELONC=9.750000,
 ELATC=49.680000,
 EDELX=2500.000000,
 EDELY=2500.000000
/ 