 &NAMDIM
   NDGLG=384,
   NDGUXG=373,
   NDLON=384,
   NDLUXG=373,
   NFLEVG=1,
   NMSMAX=127,
   NSMAX=127,
 /
 &NEMDIM
   NBZONG=8,
   NBZONL=8,
 /
 &NEMGEO
   EDELX=10000.,
   EDELY=10000.,
   ELAT0=31.5605907440186,
   ELATC=33.8289438617781,
   ELON0=-7.00003051757812,
   ELONC=-7.3224433375172,
 /
