 &NAMDIM
   NDGLG=360,
   NDGUXG=349,
   NDLON=720,
   NDLUXG=709,
   NFLEVG=1,
   NMSMAX=239,
   NSMAX=119,
 /
 &NEMDIM
   NBZONG=8,
   NBZONL=8,
 /
 &NEMGEO
   EDELX=18000.,
   EDELY=18000.,
   ELAT0=30.,
   ELATC=29.50119,
   ELON0=0.,
   ELONC=0.347899999999995,
 /
