 &NAMDIM
   NDGLG=216,
   NDGUXG=205,
   NDLON=216,
   NDLUXG=205,
   NFLEVG=1,
   NMSMAX=71,
   NSMAX=71,
 /
 &NEMDIM
   NBZONG=8,
   NBZONL=8,
 /
 &NEMGEO
   EDELX=15700.,
   EDELY=15700.,
   ELAT0=52.50439175,
   ELATC=52.50439175,
   ELON0=17.5,
   ELONC=17.5,
 /
