 &NAM_CONF_PROJ
   XBETA=0.,
   XLAT0=51.070000000000000,
   XLON0=3.700000000000001,
   XRPK=0.777914241173052,
 /
 &NAM_CONF_PROJ_GRID
   ILATE=11,
   ILONE=11,
   NIMAX=421,
   NJMAX=421,
   XDX=6000.,
   XDY=6000.,
   XLATCEN=51.070000000000000,
   XLONCEN=3.700000000000001,
 /
