 &NAM_CONF_PROJ
   XBETA=0.000000,
   XLAT0=50.800000,
   XLON0=4.550000,
   XRPK=0.7749444887041795,
 /
 &NAM_CONF_PROJ_GRID
   ILATE=32,
   ILONE=32,
   NIMAX=400,
   NJMAX=400,
   XDX=1300.000000,
   XDY=1300.000000,
   XLATCEN=50.800000,
   XLONCEN=4.550000,
 /
