 &NAM_CONF_PROJ
   XLON0=9.9,
   XLAT0=49.,
   XRPK=0.754709580222772,
   XBETA=0.000000,
 /
 &NAM_CONF_PROJ_GRID
   ILATE=13,
   ILONE=13,
   XLONCEN=9.9,
   XLATCEN=49.,
   NIMAX=499,
   NJMAX=499, 
   XDX=12500.,
   XDY=12500.,
 /
