 &NAM_CONF_PROJ
   XLON0=9.9,
   XLAT0=49.,
   XRPK=0.754709580222772,
   XBETA=0.000000,
 /
 &NAM_CONF_PROJ_GRID
   ILATE=19,
   ILONE=19,
   XLONCEN=9.9,
   XLATCEN=49.,
   NIMAX=251,
   NJMAX=251,
   XDX=25000.,  
   XDY=25000.,
 /
