&NAM_CONF_PROJ
  XLON0=9.750000,
  XLAT0=49.680000,
  XRPK=0.7624425110114479,
  XBETA=0.000000
/
&NAM_CONF_PROJ_GRID
  XLONCEN=9.750000,
  XLATCEN=49.680000,
  ILATE=11,
  ILONE=11,
  NIMAX=1429,
  NJMAX=1429,
  XDX=2500.000000,
  XDY=2500.000000
/