 &NAM_CONF_PROJ
   XBETA=0.,
   XLAT0=31.5605907440186,
   XLON0=-7.00003051757812,
   XRPK=0.523399946164127,
 /
 &NAM_CONF_PROJ_GRID
   ILATE=11,
   ILONE=11,
   NIMAX=373,
   NJMAX=373,
   XDX=10000.,
   XDY=10000.,
   XLATCEN=33.8289438617781,
   XLONCEN=-7.3224433375172,
 /
