 &NAM_CONF_PROJ
   XBETA=0.,
   XLAT0=52.50439175,
   XLON0=17.5,
   XRPK=0.7993399999827,
 /
 &NAM_CONF_PROJ_GRID
   ILATE=11,
   ILONE=11,
   NIMAX=205,
   NJMAX=205,
   XDX=15700.,
   XDY=15700.,
   XLATCEN=52.50439175,
   XLONCEN=17.5,
 /
