 &NAM_CONF_PROJ
   XBETA=0.,
   XLAT0=37.5,
   XLON0=-17.75,
   XRPK=0.608761429008721,
 /
 &NAM_CONF_PROJ_GRID
   ILATE=11,
   ILONE=11,
   NIMAX=439,
   NJMAX=277,
   XDX=10000.,
   XDY=10000.,
   XLATCEN=38.27795538,
   XLONCEN=-17.75,
 /
